12 0.572237 0.677106 0.140485 0.280971
1 0.059762 0.569269 0.100912 0.140485
1 0.428783 0.665234 0.098933 0.150379
13 0.714701 0.573226 0.057381 0.148400
13 0.734488 0.679085 0.025723 0.075189
13 0.770104 0.689968 0.021765 0.073211
13 0.796816 0.705797 0.027701 0.081125
13 0.723605 0.402071 0.094976 0.035616
13 0.732509 0.366455 0.096955 0.035616
5 0.929386 0.406029 0.079147 0.162251
2 0.394157 0.234874 0.168187 0.112784
2 0.226959 0.233885 0.087061 0.079147
1 0.773072 0.516834 0.055403 0.094976
3 0.810666 0.594002 0.035616 0.067275
