0 0.302448 0.683702 0.108392 0.165746
0 0.450175 0.675414 0.113636 0.160221
0 0.583916 0.678177 0.118881 0.160221
0 0.717657 0.679558 0.110140 0.179558
0 0.787587 0.252762 0.141608 0.176796
9 0.049825 0.147790 0.099650 0.204420
13 0.052448 0.889503 0.104895 0.074586
13 0.195804 0.888122 0.115385 0.088398
13 0.352273 0.900552 0.134615 0.074586
13 0.520979 0.896409 0.111888 0.077348
13 0.683566 0.892265 0.104895 0.080110
13 0.840909 0.903315 0.108392 0.080110
13 0.448427 0.495856 0.106643 0.060773
13 0.726399 0.491713 0.117133 0.080110
14 0.150350 0.482044 0.153846 0.127072
3 0.964161 0.169890 0.057692 0.215470
