3 0.188432 0.231349 0.075533 0.090072
3 0.187487 0.334149 0.066092 0.076366
3 0.680813 0.774721 0.040599 0.135109
4 0.330056 0.245056 0.022660 0.105737
13 0.275767 0.176522 0.065147 0.066575
13 0.271990 0.257783 0.065147 0.064617
13 0.272462 0.339044 0.045320 0.046994
13 0.583092 0.404641 0.022660 0.064617
13 0.583564 0.536812 0.023604 0.086156
13 0.730854 0.570100 0.021716 0.066575
13 0.743600 0.815841 0.026437 0.103779
13 0.794113 0.244077 0.017939 0.060701
13 0.828575 0.246035 0.022660 0.048952
13 0.793169 0.367437 0.019827 0.052869
1 0.762011 0.565205 0.017939 0.060701
1 0.762956 0.245056 0.019827 0.062659
1 0.829991 0.369395 0.019827 0.060701
1 0.555239 0.219601 0.118021 0.231055
1 0.440523 0.752203 0.156731 0.278050
6 0.463183 0.237223 0.047208 0.140983
6 0.674676 0.294987 0.134071 0.197768
2 0.075604 0.367437 0.138792 0.385745
2 0.859260 0.864793 0.118021 0.233014
