0 0.590177 0.121730 0.128824 0.162978
0 0.750403 0.100604 0.127214 0.148893
0 0.292271 0.359155 0.138486 0.162978
0 0.449275 0.334004 0.127214 0.160966
0 0.616747 0.309859 0.133655 0.156942
0 0.784219 0.290744 0.149758 0.158954
0 0.294686 0.562374 0.123994 0.167002
0 0.458937 0.534205 0.136876 0.162978
0 0.637681 0.521127 0.136876 0.156942
0 0.811594 0.496982 0.146538 0.156942
0 0.665862 0.740443 0.141707 0.164990
0 0.847021 0.726358 0.156200 0.156942
0 0.433172 0.146881 0.127214 0.144869
0 0.272947 0.157948 0.122383 0.142857
0 0.310789 0.779678 0.140097 0.162978
0 0.484702 0.761569 0.140097 0.171026
