1 0.398036 0.209810 0.113300 0.242804
1 0.554295 0.219601 0.116132 0.231055
1 0.442412 0.747308 0.162396 0.295673
1 0.762011 0.562267 0.017939 0.054827
1 0.763428 0.246035 0.016995 0.056785
1 0.830463 0.365479 0.026437 0.060701
2 0.071827 0.368416 0.140680 0.360290
2 0.857372 0.863814 0.118021 0.223223
3 0.678453 0.776679 0.039655 0.135109
3 0.183239 0.233307 0.068924 0.074408
3 0.187960 0.328275 0.078366 0.072450
4 0.330056 0.241140 0.028325 0.117486
6 0.677037 0.296945 0.142569 0.178187
13 0.276239 0.181418 0.060427 0.060701
13 0.270102 0.256804 0.065147 0.070491
13 0.271518 0.342961 0.066092 0.070491
13 0.584509 0.403662 0.025492 0.074408
13 0.584509 0.536812 0.023604 0.082240
13 0.732742 0.571079 0.025492 0.080282
13 0.742656 0.811925 0.022660 0.068533
13 0.792697 0.371353 0.024548 0.064617
13 0.794113 0.248972 0.021716 0.054827
13 0.826215 0.247014 0.019827 0.050911
6 0.466960 0.242119 0.054762 0.139025
